1 12.070198276161477 1.4728568708173322 0 0.0 0.0 0 0.0 0.0 0 0.0 0.0 0 0.0 0.0 0 0.0 0.0 0 0.0 0.0 0 0.0 0.0 42 246.67228396281746 61.33854112103643 4 25.20426551366496 5.182597692604738 0 0.0 0.0 
1 11.873697165626343 1.511720723287936 0 0.0 0.0 0 0.0 0.0 0 0.0 0.0 0 0.0 0.0 0 0.0 0.0 0 0.0 0.0 0 0.0 0.0 43 255.33437929144372 60.632268343726196 4 25.981344785226955 4.76849492544583 1 5.493661064187003 1.4824999415969984 
1 12.049437540175852 1.4967673735937321 0 0.0 0.0 0 0.0 0.0 0 0.0 0.0 0 0.0 0.0 0 0.0 0.0 0 0.0 0.0 0 0.0 0.0 43 253.58259042564208 62.04770229929915 4 25.77460403091645 4.874968150579453 2 12.574629890583546 2.4780831914087775 
1 11.743521261276662 1.4867027568398725 0 0.0 0.0 0 0.0 0.0 0 0.0 0.0 0 0.0 0.0 0 0.0 0.0 0 0.0 0.0 1 0.9595501929276948 0.4991675021512203 43 248.1877227168946 64.30228823155966 4 25.595052274095348 4.91751512203228 2 13.148363791465558 2.1832738697125738 
1 11.975862060782053 1.4248560965486465 0 0.0 0.0 0 0.0 0.0 0 0.0 0.0 0 0.0 0.0 0 0.0 0.0 0 0.0 0.0 2 1.881520227610451 0.9964883764737905 42 247.65790400385742 60.51488640424634 4 25.562984024810046 4.998597420039837 1 6.397443773395465 1.147644916042962 
1 11.822450350517553 1.3953027277787866 0 0.0 0.0 0 0.0 0.0 0 0.0 0.0 0 0.0 0.0 0 0.0 0.0 0 0.0 0.0 0 0.0 0.0 42 243.28646725578997 62.86318228455156 6 36.34178158898304 7.677234104252516 0 0.0 0.0 
1 12.887013445877873 0.9633962150132118 0 0.0 0.0 0 0.0 0.0 0 0.0 0.0 0 0.0 0.0 0 0.0 0.0 0 0.0 0.0 0 0.0 0.0 42 246.44034332615496 60.886692741694475 4 25.00474566613167 5.016129986553028 1 4.298947914828354 1.3068323550049445 
1 9.878939070153603 1.5456341574123478 0 0.0 0.0 0 0.0 0.0 0 0.0 0.0 0 0.0 0.0 0 0.0 0.0 0 0.0 0.0 0 0.0 0.0 42 250.65916712239925 59.000800060246696 4 27.251712877912833 3.9504623122394924 2 11.157053765749597 2.7265349295225736 
1 12.190813149377389 1.241722084670131 0 0.0 0.0 0 0.0 0.0 0 0.0 0.0 0 0.0 0.0 0 0.0 0.0 0 0.0 0.0 1 0.6903534166434795 0.45198441233212583 42 243.78194191222235 62.258093657197406 4 25.002265632967184 4.9968108391121735 1 6.498050069545975 1.0734386672917913 
0 0.0 0.0 1 12.135512806336894 1.3261323001744707 0 0.0 0.0 0 0.0 0.0 0 0.0 0.0 0 0.0 0.0 0 0.0 0.0 0 0.0 0.0 42 246.51792780395928 61.14217044762458 4 25.48817002916015 5.039238755501568 0 0.0 0.0 
0 0.0 0.0 1 8.04116881398876 1.5641354777755185 0 0.0 0.0 0 0.0 0.0 0 0.0 0.0 0 0.0 0.0 0 0.0 0.0 0 0.0 0.0 43 254.9782667234789 60.45289256940796 4 26.536349070614587 4.399374143136358 1 5.695722717045394 1.4134039648989045 
0 0.0 0.0 1 11.502775353362534 1.637817765838375 0 0.0 0.0 0 0.0 0.0 0 0.0 0.0 0 0.0 0.0 0 0.0 0.0 0 0.0 0.0 43 256.5428269560645 60.49503289349901 4 25.779501512211997 4.828511579508584 2 13.0462948175585 2.229224093175947 
0 0.0 0.0 1 10.270597774881265 1.776155134434426 0 0.0 0.0 0 0.0 0.0 0 0.0 0.0 0 0.0 0.0 0 0.0 0.0 1 0.9588628256294212 0.4980850789000857 43 256.0057019531737 60.42948555827989 4 26.298832257922907 4.541419930347642 2 13.532649839520854 1.9369484634828416 
0 0.0 0.0 1 10.015254278360008 1.4910922929905404 0 0.0 0.0 0 0.0 0.0 0 0.0 0.0 0 0.0 0.0 0 0.0 0.0 1 1.4218419164620677 0.4083800080542228 42 249.6609308963485 59.68311534283288 4 26.159280745914238 4.604054866498137 0 0.0 0.0 
0 0.0 0.0 1 9.532491628112968 2.417540081068168 0 0.0 0.0 0 0.0 0.0 0 0.0 0.0 0 0.0 0.0 0 0.0 0.0 0 0.0 0.0 42 247.70224060002528 60.246735460002554 6 35.75601779201624 8.025621456900002 0 0.0 0.0 
0 0.0 0.0 1 12.382336887838523 1.4088454281556366 0 0.0 0.0 0 0.0 0.0 0 0.0 0.0 0 0.0 0.0 0 0.0 0.0 0 0.0 0.0 42 245.05398521157528 61.30576930864015 4 24.299455263268136 5.667921143693815 1 4.894243897684182 1.2647090436532362 
0 0.0 0.0 1 10.1461112833526 2.1404425397981024 0 0.0 0.0 0 0.0 0.0 0 0.0 0.0 0 0.0 0.0 0 0.0 0.0 0 0.0 0.0 42 252.0542440417649 58.644238206682445 4 27.927122237769108 3.494812720273609 2 9.039160070266679 2.900943278045901 
0 0.0 0.0 1 2.4267760491814414 0.42201650993225504 0 0.0 0.0 0 0.0 0.0 0 0.0 0.0 0 0.0 0.0 0 0.0 0.0 1 0.8188699174227266 0.4835959465500996 42 258.34009647427325 57.2547986440754 4 27.66772572712043 3.6370981520225474 1 7.721771268231235 0.2646497626937132 
0 0.0 0.0 1 9.184802724188529 2.041255473782727 0 0.0 0.0 0 0.0 0.0 0 0.0 0.0 0 0.0 0.0 0 0.0 0.0 1 0.2501480797987432 0.20944449439543295 42 230.88903419228836 67.53390850326545 4 22.80933731449831 6.490019224279683 2 10.43251752618086 3.1265057009555153 
0 0.0 0.0 0 0.0 0.0 1 9.891560045198021 2.1961194262006014 0 0.0 0.0 0 0.0 0.0 0 0.0 0.0 0 0.0 0.0 0 0.0 0.0 42 240.20624259471776 63.08137046729408 4 20.732220121577495 6.997952274086772 0 0.0 0.0 
0 0.0 0.0 0 0.0 0.0 1 7.808080626561554 1.2217500536001886 0 0.0 0.0 0 0.0 0.0 0 0.0 0.0 0 0.0 0.0 0 0.0 0.0 43 250.53005587155405 63.129727005720575 4 26.72001685927327 4.336269092840714 1 5.447228908002357 1.5583429483365254 
0 0.0 0.0 0 0.0 0.0 1 7.665700128943483 2.8568931457644826 0 0.0 0.0 0 0.0 0.0 0 0.0 0.0 0 0.0 0.0 0 0.0 0.0 43 247.25291410180398 63.846783218783756 4 24.466733262303155 5.67240318699404 2 13.568645040987052 1.9657894353380905 
0 0.0 0.0 0 0.0 0.0 1 8.10629188380358 2.1604303811190726 0 0.0 0.0 0 0.0 0.0 0 0.0 0.0 0 0.0 0.0 1 1.0260865464133078 0.4993396672693825 43 246.50642446755825 64.36067878193849 4 24.786176994943297 5.407166381309022 2 13.527535402643737 1.9818010561653507 
0 0.0 0.0 0 0.0 0.0 1 7.442454466300558 2.623256126189358 0 0.0 0.0 0 0.0 0.0 0 0.0 0.0 0 0.0 0.0 1 1.1174691892061808 0.4898516488114889 42 241.1473770520655 63.30296720430089 4 25.481339717946682 5.04086313723937 0 0.0 0.0 
0 0.0 0.0 0 0.0 0.0 1 7.772639807429531 2.528619990544893 0 0.0 0.0 0 0.0 0.0 0 0.0 0.0 0 0.0 0.0 0 0.0 0.0 42 244.59721755439207 61.948065683141486 6 35.906342968638235 8.113707402083138 0 0.0 0.0 
0 0.0 0.0 0 0.0 0.0 1 7.573035510489449 2.4350884246435127 0 0.0 0.0 0 0.0 0.0 0 0.0 0.0 0 0.0 0.0 0 0.0 0.0 42 251.73340237948884 58.67080134436902 4 24.899414113861 5.331864940937493 1 5.217080015619269 1.4029889848566734 
0 0.0 0.0 0 0.0 0.0 1 7.654511148260546 2.4002300750837433 0 0.0 0.0 0 0.0 0.0 0 0.0 0.0 0 0.0 0.0 0 0.0 0.0 42 245.88654224842386 61.52969539351475 4 25.417246043336323 5.022621216058878 2 11.82488904538245 2.550783804070364 
0 0.0 0.0 0 0.0 0.0 1 7.2641626627279114 2.5160162203731735 0 0.0 0.0 0 0.0 0.0 0 0.0 0.0 0 0.0 0.0 1 1.0523905288284288 0.498580526312888 42 248.54226651894655 60.84547775009173 4 25.78317916779681 4.859711278678652 1 3.975399041259517 1.4147750752776764 
0 0.0 0.0 0 0.0 0.0 1 6.853395701973024 2.507857309307158 0 0.0 0.0 0 0.0 0.0 0 0.0 0.0 0 0.0 0.0 1 0.9332942972100349 0.4949916770983619 42 251.46982763856283 59.324976257766245 4 25.83346060249557 4.799329424364777 2 10.272239185819304 2.750106857234903 
0 0.0 0.0 0 0.0 0.0 0 0.0 0.0 1 8.495378633707595 1.9247476303958677 0 0.0 0.0 0 0.0 0.0 0 0.0 0.0 0 0.0 0.0 42 253.75603017382767 58.14497392834706 4 24.123008740627185 5.557614828785591 0 0.0 0.0 
0 0.0 0.0 0 0.0 0.0 0 0.0 0.0 1 9.340655787526158 2.1419252709640277 0 0.0 0.0 0 0.0 0.0 0 0.0 0.0 0 0.0 0.0 43 256.30139319812724 59.99426929694775 4 25.69825591107927 4.826302709088261 1 6.676308272351505 1.013779184718097 
0 0.0 0.0 0 0.0 0.0 0 0.0 0.0 1 8.450008073594503 2.175002515816344 0 0.0 0.0 0 0.0 0.0 0 0.0 0.0 0 0.0 0.0 43 256.90396748793194 60.51845061979092 4 26.787885707298145 4.253658240582574 2 10.660165188796169 2.72329365635924 
0 0.0 0.0 0 0.0 0.0 0 0.0 0.0 1 9.905955866190137 1.9935219876442534 0 0.0 0.0 0 0.0 0.0 0 0.0 0.0 1 1.2503406268965165 0.4680109532448068 43 257.05148246743016 60.270521204690326 4 25.098196940738276 5.21386668361203 2 11.949068572560922 2.707328614502247 
0 0.0 0.0 0 0.0 0.0 0 0.0 0.0 1 9.041905223132572 2.3439832616471037 0 0.0 0.0 0 0.0 0.0 0 0.0 0.0 2 0.735263213106038 0.5987744863298586 42 243.4043019363118 61.87045107611793 4 27.17677628915355 3.938006544899975 1 7.196139229680716 0.7075383474217358 
0 0.0 0.0 0 0.0 0.0 0 0.0 0.0 1 9.682469477779957 2.55354309920217 0 0.0 0.0 0 0.0 0.0 0 0.0 0.0 0 0.0 0.0 42 251.85419119626158 58.43476437128953 6 35.78663750879973 8.106518112642055 0 0.0 0.0 
0 0.0 0.0 0 0.0 0.0 0 0.0 0.0 1 8.066105007566083 2.159698511284427 0 0.0 0.0 0 0.0 0.0 0 0.0 0.0 0 0.0 0.0 42 252.23876366242752 58.25632690690908 4 24.008153342154845 5.6932925944993436 1 5.5988089028598065 1.3301912700197773 
0 0.0 0.0 0 0.0 0.0 0 0.0 0.0 1 8.185452238909926 2.098329586668121 0 0.0 0.0 0 0.0 0.0 0 0.0 0.0 0 0.0 0.0 42 252.43679177657478 58.4966144969138 4 26.33952134109156 4.535628477140978 2 10.659704068596273 2.8149633717420004 
0 0.0 0.0 0 0.0 0.0 0 0.0 0.0 1 7.790792660172668 2.5482951897935084 0 0.0 0.0 0 0.0 0.0 0 0.0 0.0 1 0.964332482017286 0.4972685455500366 42 250.63151411717126 58.736832648742464 4 27.17275274946402 4.030453647204038 1 5.992800346634006 1.1652930803444008 
0 0.0 0.0 0 0.0 0.0 0 0.0 0.0 1 8.046029562196896 2.0056609719819294 0 0.0 0.0 0 0.0 0.0 0 0.0 0.0 1 0.8926728144811997 0.49423208683942216 42 251.3999161613273 58.976850911818026 4 26.527992303079362 4.392309996746596 2 11.708281427420511 2.6337699592365995 
0 0.0 0.0 0 0.0 0.0 0 0.0 0.0 0 0.0 0.0 1 6.1918388533914825 1.843979392428871 0 0.0 0.0 0 0.0 0.0 0 0.0 0.0 42 251.43152201219183 58.71800411489163 4 26.152304404726692 4.649842560372675 0 0.0 0.0 
0 0.0 0.0 0 0.0 0.0 0 0.0 0.0 0 0.0 0.0 1 7.944057116203674 2.735538097029023 0 0.0 0.0 0 0.0 0.0 0 0.0 0.0 43 255.8615869265978 60.49054126721773 4 25.75452817926327 4.859023359436836 1 5.380264818389282 1.312335588511709 
0 0.0 0.0 0 0.0 0.0 0 0.0 0.0 0 0.0 0.0 1 8.997130763668252 2.919315210255569 0 0.0 0.0 0 0.0 0.0 0 0.0 0.0 43 252.45042912046037 61.62305782073491 4 21.265987397646125 6.6775122618312 2 12.099580883546206 2.693362320629641 
0 0.0 0.0 0 0.0 0.0 0 0.0 0.0 0 0.0 0.0 1 7.817210633694692 2.166319084349417 0 0.0 0.0 0 0.0 0.0 1 0.866675275636207 0.48928067339051506 43 255.66209167046404 60.35851305713534 4 24.8616173724374 5.2709498462174285 2 13.534387930005565 1.9229442592025214 
0 0.0 0.0 0 0.0 0.0 0 0.0 0.0 0 0.0 0.0 1 7.40726925282437 3.0180104838316857 0 0.0 0.0 0 0.0 0.0 1 0.6503055190921578 0.43859322697742054 42 231.07937446260712 68.06934116743938 4 23.635661392228698 6.005811412320906 0 0.0 0.0 
0 0.0 0.0 0 0.0 0.0 0 0.0 0.0 0 0.0 0.0 1 6.842818530243804 2.0782719478281066 0 0.0 0.0 0 0.0 0.0 2 1.9804756929334748 0.9556620960110327 42 251.07458221823484 58.98705496018487 4 26.28165500121089 4.550470682110382 1 5.777011154197275 1.196345885274336 
0 0.0 0.0 0 0.0 0.0 0 0.0 0.0 0 0.0 0.0 1 5.211389382744944 2.5005478437127815 0 0.0 0.0 0 0.0 0.0 0 0.0 0.0 42 246.370164931181 61.67311975193218 6 34.41133404423252 8.756886677988167 0 0.0 0.0 
0 0.0 0.0 0 0.0 0.0 0 0.0 0.0 0 0.0 0.0 1 7.490619864974326 2.5349765397913036 0 0.0 0.0 0 0.0 0.0 0 0.0 0.0 42 247.0460071471504 60.80335519650419 4 25.408825746073678 5.097929727599223 1 5.512173430692707 1.4331479314507587 
0 0.0 0.0 0 0.0 0.0 0 0.0 0.0 0 0.0 0.0 1 7.7509669670188615 2.436104146532296 0 0.0 0.0 0 0.0 0.0 0 0.0 0.0 42 250.3402415327976 58.74497176483387 4 25.00364516816435 5.262262467569388 2 10.429165383882754 2.9271432121884597 
0 0.0 0.0 0 0.0 0.0 0 0.0 0.0 0 0.0 0.0 1 7.602876364108581 2.5451026308437004 0 0.0 0.0 0 0.0 0.0 1 0.2998403187020727 0.25445715299077554 42 246.74747805621945 61.061711941834936 4 24.172954284239257 5.658665638127105 1 5.026013464870201 1.6172474282543503 
0 0.0 0.0 0 0.0 0.0 0 0.0 0.0 0 0.0 0.0 1 6.707857095791348 2.4499068433694156 0 0.0 0.0 0 0.0 0.0 1 1.0799525403406278 0.4968034366179568 42 251.15791894366373 58.72208986113583 4 25.814302504475613 4.803332280038212 2 10.872644745484033 2.8832143666341663 
16 151.13243383862638 44.22467414166474 0 0.0 0.0 0 0.0 0.0 0 0.0 0.0 0 0.0 0.0 0 0.0 0.0 0 0.0 0.0 0 0.0 0.0 0 0.0 0.0 0 0.0 0.0 0 0.0 0.0 
16 212.7491664003831 8.79625325770155 0 0.0 0.0 0 0.0 0.0 0 0.0 0.0 0 0.0 0.0 0 0.0 0.0 0 0.0 0.0 0 0.0 0.0 1 3.712968677499803 1.1675905401478528 0 0.0 0.0 1 6.709597936668132 1.0489674289121924 
16 212.5595262506982 8.96205074616067 0 0.0 0.0 0 0.0 0.0 0 0.0 0.0 0 0.0 0.0 0 0.0 0.0 0 0.0 0.0 0 0.0 0.0 1 4.210011335722973 1.7031137812781874 0 0.0 0.0 2 13.436057712474696 2.0047081292752584 
16 211.9881533616452 9.355545562491889 0 0.0 0.0 0 0.0 0.0 0 0.0 0.0 0 0.0 0.0 0 0.0 0.0 0 0.0 0.0 1 0.8064166409243386 0.4800077359369884 1 4.028445089890619 1.50081689113011 0 0.0 0.0 2 13.86755039012986 1.741597351372206 
16 185.8139137007817 29.468743599485045 0 0.0 0.0 0 0.0 0.0 0 0.0 0.0 0 0.0 0.0 0 0.0 0.0 0 0.0 0.0 1 0.5734978550156182 0.40904011630656667 0 0.0 0.0 0 0.0 0.0 0 0.0 0.0 
16 212.10010885419675 9.393707953229809 0 0.0 0.0 0 0.0 0.0 0 0.0 0.0 0 0.0 0.0 0 0.0 0.0 0 0.0 0.0 2 1.6493949776684482 0.9665546621197625 0 0.0 0.0 0 0.0 0.0 1 7.110913523717025 0.7436859336260845 
16 212.02900271382376 9.788374741551868 0 0.0 0.0 0 0.0 0.0 0 0.0 0.0 0 0.0 0.0 0 0.0 0.0 0 0.0 0.0 0 0.0 0.0 0 0.0 0.0 2 9.727264973078128 2.992680901850753 0 0.0 0.0 
16 210.6746295880166 10.588714003271166 0 0.0 0.0 0 0.0 0.0 0 0.0 0.0 0 0.0 0.0 0 0.0 0.0 0 0.0 0.0 0 0.0 0.0 0 0.0 0.0 0 0.0 0.0 1 6.132834204400581 1.2836627383675003 
16 202.45572809293557 17.27855250637828 0 0.0 0.0 0 0.0 0.0 0 0.0 0.0 0 0.0 0.0 0 0.0 0.0 0 0.0 0.0 1 0.5185736222156765 0.38372128606819367 0 0.0 0.0 0 0.0 0.0 1 5.256082127886223 1.5545390936708285 
16 211.6998197037559 9.531350035001804 0 0.0 0.0 0 0.0 0.0 0 0.0 0.0 0 0.0 0.0 0 0.0 0.0 0 0.0 0.0 1 0.8261141036454135 0.4848817212109251 0 0.0 0.0 0 0.0 0.0 2 12.773729683931432 2.267190686873872 
0 0.0 0.0 16 197.69945422324125 20.59353128552605 0 0.0 0.0 0 0.0 0.0 0 0.0 0.0 0 0.0 0.0 0 0.0 0.0 0 0.0 0.0 0 0.0 0.0 0 0.0 0.0 0 0.0 0.0 
0 0.0 0.0 16 195.18974709739496 22.947649195619984 0 0.0 0.0 0 0.0 0.0 0 0.0 0.0 0 0.0 0.0 0 0.0 0.0 0 0.0 0.0 1 3.9007020275953996 1.3821797471565374 0 0.0 0.0 1 6.648867935225269 1.0525406630970928 
0 0.0 0.0 16 194.25262170633732 23.709752055820616 0 0.0 0.0 0 0.0 0.0 0 0.0 0.0 0 0.0 0.0 0 0.0 0.0 0 0.0 0.0 1 4.110720497206536 1.684668478465882 0 0.0 0.0 2 13.452402509615949 1.9795614163982653 
0 0.0 0.0 16 197.68089708688044 20.593980124211868 0 0.0 0.0 0 0.0 0.0 0 0.0 0.0 0 0.0 0.0 0 0.0 0.0 1 1.416992573114784 0.41305859698352176 0 0.0 0.0 0 0.0 0.0 0 0.0 0.0 
0 0.0 0.0 16 197.73124114685763 20.578876761733454 0 0.0 0.0 0 0.0 0.0 0 0.0 0.0 0 0.0 0.0 0 0.0 0.0 2 1.8146896582986967 0.9913982610143707 0 0.0 0.0 0 0.0 0.0 1 7.107412347514247 0.7574072790942599 
0 0.0 0.0 16 197.4805518636014 19.471510191903683 0 0.0 0.0 0 0.0 0.0 0 0.0 0.0 0 0.0 0.0 0 0.0 0.0 0 0.0 0.0 0 0.0 0.0 2 7.632434050977658 3.8702266101460276 0 0.0 0.0 
0 0.0 0.0 16 197.1908342232237 20.664398234147097 0 0.0 0.0 0 0.0 0.0 0 0.0 0.0 0 0.0 0.0 0 0.0 0.0 0 0.0 0.0 0 0.0 0.0 0 0.0 0.0 1 6.310475282793075 1.2176968902299876 
0 0.0 0.0 16 197.34807700289505 20.69147206884625 0 0.0 0.0 0 0.0 0.0 0 0.0 0.0 0 0.0 0.0 0 0.0 0.0 0 0.0 0.0 0 0.0 0.0 0 0.0 0.0 2 12.347019098502406 2.2767247387121468 
0 0.0 0.0 16 197.46371881370158 20.61932914760858 0 0.0 0.0 0 0.0 0.0 0 0.0 0.0 0 0.0 0.0 0 0.0 0.0 1 0.8522874610468361 0.489090502910098 0 0.0 0.0 0 0.0 0.0 1 6.949880162498525 0.8761925432257179 
0 0.0 0.0 16 197.4199038333824 20.684197002602392 0 0.0 0.0 0 0.0 0.0 0 0.0 0.0 0 0.0 0.0 0 0.0 0.0 1 0.8255667890265499 0.48478652745456174 0 0.0 0.0 0 0.0 0.0 2 12.860901269412492 2.2167013155580464 
0 0.0 0.0 0 0.0 0.0 0 0.0 0.0 0 0.0 0.0 0 0.0 0.0 16 149.13443727293307 32.91291628827442 0 0.0 0.0 0 0.0 0.0 0 0.0 0.0 0 0.0 0.0 0 0.0 0.0 
0 0.0 0.0 0 0.0 0.0 0 0.0 0.0 0 0.0 0.0 0 0.0 0.0 16 163.6539751863246 23.810345508135804 0 0.0 0.0 0 0.0 0.0 1 4.231813812841304 1.6513547219827363 0 0.0 0.0 2 13.469666140330922 1.98097499688497 
0 0.0 0.0 0 0.0 0.0 0 0.0 0.0 0 0.0 0.0 0 0.0 0.0 16 164.11649671790042 23.385296348903502 0 0.0 0.0 1 0.9283124644238981 0.4974304466659186 1 4.45290052460853 1.5346447456950145 0 0.0 0.0 2 13.59686840311172 1.9071710094862353 
0 0.0 0.0 0 0.0 0.0 0 0.0 0.0 0 0.0 0.0 0 0.0 0.0 16 160.11771379270084 25.917055058775777 0 0.0 0.0 1 0.8309790480290796 0.48571458751413354 0 0.0 0.0 0 0.0 0.0 0 0.0 0.0 
0 0.0 0.0 0 0.0 0.0 0 0.0 0.0 0 0.0 0.0 0 0.0 0.0 16 163.44768947465937 23.940859812995942 0 0.0 0.0 2 1.7777452916823464 0.9876472321567518 0 0.0 0.0 0 0.0 0.0 1 7.059426939213246 0.789198705160545 
0 0.0 0.0 0 0.0 0.0 0 0.0 0.0 0 0.0 0.0 0 0.0 0.0 16 135.78754529141202 37.21281430506484 0 0.0 0.0 0 0.0 0.0 0 0.0 0.0 2 2.155260974957084 1.779742506707624 0 0.0 0.0 
0 0.0 0.0 0 0.0 0.0 0 0.0 0.0 0 0.0 0.0 0 0.0 0.0 16 111.54462393178503 45.00812800523884 0 0.0 0.0 0 0.0 0.0 0 0.0 0.0 0 0.0 0.0 1 4.596925407003023 1.5009097840378562 
0 0.0 0.0 0 0.0 0.0 0 0.0 0.0 0 0.0 0.0 0 0.0 0.0 16 161.5865972943661 24.570876425050653 0 0.0 0.0 0 0.0 0.0 0 0.0 0.0 0 0.0 0.0 2 11.758558944901491 2.515784787595795 
0 0.0 0.0 0 0.0 0.0 0 0.0 0.0 0 0.0 0.0 0 0.0 0.0 16 162.4281936266533 24.54625407848403 0 0.0 0.0 1 0.9193258734881584 0.4967443717930389 0 0.0 0.0 0 0.0 0.0 1 6.566464303430763 1.055009679180833 
0 0.0 0.0 0 0.0 0.0 0 0.0 0.0 0 0.0 0.0 0 0.0 0.0 0 0.0 0.0 16 139.8268381968678 45.44722868956796 0 0.0 0.0 0 0.0 0.0 0 0.0 0.0 0 0.0 0.0 
0 0.0 0.0 0 0.0 0.0 0 0.0 0.0 0 0.0 0.0 0 0.0 0.0 0 0.0 0.0 16 146.4441520282716 44.94316788541492 0 0.0 0.0 1 4.076493847047746 1.3449092032394265 0 0.0 0.0 1 6.715138166833544 1.0075632619875674 
0 0.0 0.0 0 0.0 0.0 0 0.0 0.0 0 0.0 0.0 0 0.0 0.0 0 0.0 0.0 16 141.46953499689965 48.234033154376384 0 0.0 0.0 1 2.9979879036308885 1.8618417060688648 0 0.0 0.0 2 9.100032812637778 3.785461703377564 
0 0.0 0.0 0 0.0 0.0 0 0.0 0.0 0 0.0 0.0 0 0.0 0.0 0 0.0 0.0 16 144.11555250713545 44.922074750300695 1 0.9097449110694367 0.49592630738238586 1 4.280340998490159 1.4660773412871093 0 0.0 0.0 2 13.7278748249055 1.8500350490486033 
0 0.0 0.0 0 0.0 0.0 0 0.0 0.0 0 0.0 0.0 0 0.0 0.0 0 0.0 0.0 16 147.12043315144192 45.38015095835397 1 1.5726927638326762 0.3360114991155455 0 0.0 0.0 0 0.0 0.0 0 0.0 0.0 
0 0.0 0.0 0 0.0 0.0 0 0.0 0.0 0 0.0 0.0 0 0.0 0.0 0 0.0 0.0 16 143.62893237969757 45.02882256963883 0 0.0 0.0 0 0.0 0.0 2 9.864411280369577 2.9803225521362764 0 0.0 0.0 
0 0.0 0.0 0 0.0 0.0 0 0.0 0.0 0 0.0 0.0 0 0.0 0.0 0 0.0 0.0 16 146.65411841725796 45.50970200494877 0 0.0 0.0 0 0.0 0.0 0 0.0 0.0 1 6.367518792526196 1.194199084103742 
0 0.0 0.0 0 0.0 0.0 0 0.0 0.0 0 0.0 0.0 0 0.0 0.0 0 0.0 0.0 16 133.743237299582 48.257905675593875 0 0.0 0.0 0 0.0 0.0 0 0.0 0.0 2 12.39754858155876 2.779736675225066 
0 0.0 0.0 0 0.0 0.0 0 0.0 0.0 0 0.0 0.0 0 0.0 0.0 0 0.0 0.0 16 146.32664761449038 45.34794877643296 1 1.0007684978772322 0.4999996687779563 0 0.0 0.0 0 0.0 0.0 1 6.705215709623234 1.0324632064303616 
0 0.0 0.0 0 0.0 0.0 0 0.0 0.0 0 0.0 0.0 0 0.0 0.0 0 0.0 0.0 16 145.9274643963092 45.56015179329624 1 0.9425017997587233 0.49834696431636777 0 0.0 0.0 0 0.0 0.0 2 13.103878258773925 2.2202710409548323 
